3300 01 0000 3621 0026
   1 01 0000 3622 0027
   2 02 3000 3011 0014
   3 14 3050 3026 0012
   4 01 0014 3011 0014
   5 34 0014 0000 0011
   6 15 0011 3025 0013
   7 16 0013 3600 3430
3310 16 0013 3045 3333
   1 16 0013 3044 3333
   2 16 0013 3050 3461
   3 16 0013 3601 3333
   4 16 0013 3602 3323
   5 16 0013 3603 3317
   6 31 0000 3557 0000
   7 01 0011 0000 0010
3320 01 0014 3011 0014
   1 34 0014 0000 0011
   2 31 0000 0010 0000
   3 13 3604 0011 0014
   4 34 0014 0000 0014
   5 31 0014 3326 3330
   6 15 0011 3023 0014
   7 31 0000 3305 0000
3330 13 3624 0011 0011
   1 15 0011 3023 0014
   2 31 0000 3305 0000
3557 16 0013 0426 3510
3560 16 0013 0427 3564
   1 30 3026 3562 0011
   2 16 3026 0013 3630
   3 31 0000 3304 0000
   4 13 3624 0011 0017
   5 15 0011 3032 0021
   6 14 0021 3574 0021
   7 01 0021 0000 0011
3570 31 0000 3561 0000
   1 15 0017 3023 0014
   2 02 0014 3011 0014
   3 32 0000 0000 0000