3333 14 0013 3613 0025
   4 13 3624 0011 0017
   5 13 3604 0011 0016
   6 34 0011 0000 0015
   7 34 0016 0000 0020
3340 15 0020 3605 0021
   1 15 0020 3606 0022
   2 15 0015 3605 0023
   3 15 0015 3606 0024
   4 02 0022 0024 0016
   5 31 0016 3346 3410
   6 05 0016 3607 3352
   7 34 0017 0000 0000
3350 14 0000 0020 4000
   1 31 0000 3304 0000
   2 02 0000 0016 0016
   3 31 0023 3354 3356
   4 13 0016 0023 0023
   5 31 0000 0025 0000
   6 15 0023 3035 0023
   7 13 0016 0023 0023
3360 02 0000 0023 0023
   1 31 0000 0025 0000
   2 05 0022 3610 3365
   3 33 0000 0000 0000
   4 31 0000 3363 0000
3365 01 3012 0022 0022
   6 11 0021 3042 0021
   7 01 3042 0021 0021
3370 15 0021 3611 0016
   1 16 0000 0016 3375
   2 01 0021 3612 0021
   3 31 0000 3375 0000
   4 31 0000 3362 0000
   5 15 0021 3605 0021
   6 16 0021 0000 3446
   7 34 0017 0000 0000
3400 14 0021 0022 4000
   1 31 0000 3304 0000
   2 35 0021 0016 0021
   3 01 0016 0022 0022
   4 04 3012 0022 3370
   5 34 0017 0000 0000
   6 15 3026 0021 4000
   7 31 0000 3304 0000
3410 16 0000 0016 0025
   1 05 0016 3607 3415
   2 14 0000 0000 0021
   3 14 0024 0000 0022
   4 31 0000 0025 0000
   5 31 0021 3416 3421
   6 13 0016 0021 0021
   7 14 0024 0000 0022
3420 31 0000 0025 0000
   1 15 0021 3035 0021
   2 13 0016 0021 0021
   3 02 0000 0021 0021
   4 14 0024 0000 0022
   5 31 0000 0025 0000