3510 14 0000 0000 0007
   1 15 0004 3606 0005
   2 15 0004 3605 0006
   3 16 0005 0000 3551
   4 05 3625 0005 3524
   5 05 3623 0005 3532
   6 11 0006 3626 0006
   7 02 0007 3012 0007 
3520 35 0006 0004 0006
   1 01 0004 0005 0005
   2 01 0005 3615 0005
   3 31 0000 3515 0000
   4 11 0006 3614 0006
   5 35 0006 0004 0006
   6 01 3012 0007 0007
   7 01 0004 0005 0005 
3530 01 0005 3627 0005
   1 31 0000 3514 0000
   2 05 3611 0005 3536
   3 11 3042 0006 0006 
   4 01 3012 0005 0005 
   5 31 0000 3532 0000 
   6 01 0000 0006 0002 
   7 30 3026 3540 3100 
3540 05 0007 3616 3547
   1 31 0007 3542 3544
   2 02 0007 3617 0004
   3 31 0000 3545 0000
   4 01 0007 3617 0004
   5 14 0004 3620 0004 
   6 22 0003 0004 3304
   7 14 0007 0000 0004 
3550 22 0003 0004 3304
   1 22 0006 0007 3304