0001 01 3200 0000 0032
   2 01 0051 0000 0030
   3 01 0052 0000 0024
   4 01 0053 0000 0025
   5 01 0054 0000 0026
   6 01 0055 0000 0027
   7 01 3011 0000 0056
0010 01 3011 0000 0057
   1 10 3000 3040 0060
   2 34 0057 0000 0000
   3 01 3007 0000 4062
0014 01 3011 0057 0057
   5 05 0057 3000 0012
   6 03 3002 0024 0024
   7 03 3002 0026 0026
0020 03 3000 0025 0025
   1 03 3000 0027 0027
   2 12 3000 3040 0061
   3 03 0061 0030 0030
   4 00 0000 0000 0000
   5 00 0000 0000 0000
   6 00 0000 0000 0000
   7 00 0000 0000 0000
0030 00 0000 0000 0000
   1 16 4063 5031 0033 
   2 33 0000 0000 0000 
   3 27 4001 0031 0034 
   4 03 3012 0032 0032 
   5 03 0060 0024 0024 
   6 03 0060 0026 0026 
   7 01 3011 0056 0056 
0040 05 0056 3001 0024
   1 31 0000 0001 0000 
   2 01 0000 0000 0062 
   3 26 0062 0000 0000 
   4 07 4001 0062 0062 
   5 27 4001 0044 0046
0046 22 0062 0062 0047
   7 33 0000 0000 0000 
0050 31 0000 0001 0000
   1 26 0000 0000 0000 
   2 25 0001 0000 0000 
   3 23 0063 0062 0026 
   4 25 0000 0000 0000 
   5 24 1031 1030 0030 
   6 00 0000 0000 0000 
   7 00 0000 0000 0000 
0060 00 0000 0000 0000
   1 00 0000 0000 0000
   2 00 0000 0000 0000
