0020 01 0000 0000 0003
   1 34 0002 0000 0005
   2 34 0004 0000 0006
   3 34 0002 0000 0000
   4 11 4001 0006 0006
   5 01 0006 0003 0003
   6 01 0002 3011 0002
   7 01 0004 3011 0004
0030 02 0005 3011 0005
   1 31 0005 0022 3146
   2 01 3012 0000 0001
   3 01 3010 0000 0003
   4 01 3011 0000 0005
   5 01 0000 0000 0010
   6 01 3000 0005 0566
   7 34 0566 0000 0000
0040 15 4000 3024 0006
   1 16 0006 0001 0045
   2 01 0005 3011 0005
   3 02 0005 3003 0566
   4 31 0566 0071 0036
   5 01 3000 0005 0566
   6 34 0566 0000 0000
   7 15 4000 3022 0006
0050 02 0006 0003 0566
   1 02 0003 0006 0565
   2 15 0565 0566 0566
   3 31 0566 0065 0054
   4 11 0003 3040 0006
   5 01 0002 0006 0566
   б 01 3000 0005 0565
   7 34 0565 0000 0000
0060 34 4000 0000 0565
   1 34 0566 0000 0000
   2 11 0565 4000 0565
   3 01 0565 0010 0010
   4 01 0005 3011 0005
   5 01 0003 3010 0003
   6 02 0005 3003 0566
   7 31 0566 0071 0070
0070 04 0003 1774 0036
   1 12 0001 3040 0006
   2 01 0004 0006 0566
   3 34 0566 0000 0000
   4 01 0010 0000 4000
   5 01 0001 3012 0001
   6 04 0001 1775 0033
   7 32 0000 0000 0000 
0100 01 3010 0000 0003
   1 01 3011 0000 0005 
   2 01 3012 0000 0001 
   3 01 0000 0000 0010 
   4 01 3000 0005 0566 
   5 34 0566 0000 0000 
   6 15 4000 3024 0006 
   7 02 0006 0001 0566 
0110 02 0001 0006 0565
   1 15 0565 0566 0566 
   2 31 0566 0124 0113 
   3 12 0001 3040 0006 
   4 01 0004 0006 0566 
   5 01 3000 0005 0565 
   6 34 0565 0000 0000 
   7 34 4000 0000 0565
0120 34 0566 0000 0000
   1 11 0565 4000 0565 
   2 01 0565 0010 0010 
   3 01 0005 3011 0005 
   4 01 0001 3012 0001 
   5 04 0001 1775 0104 
   6 11 0003 3040 0006 
   7 01 0002 0006 0566 
0130 34 0566 0000 0000
   1 01 0010 0000 4000
   2 01 0003 3010 0003 
   3 04 0003 1774 0102 
   4 32 0000 0000 0000 
   5 12 3002 3040 1774 
   6 11 3002 3040 1775 
   7 02 3002 3011 0007 
0140 01 3002 3011 0006
   1 01 3001 0006 0011
   2 01 0011 0006 0012 
   3 01 0012 0006 0013 
   4 01 0013 0006 0014 
   5 01 0012 0000 0004 
   6 01 3001 0000 0002 
   7 30 3026 0150 0032 
0150 34 0012 0000 0000
   1 01 3002 0000 4000
   2 01 0012 3011 0004
   3 01 0012 0000 0002
   4 30 3026 0155 0020
   5 01 0003 0000 0015
   6 02 3004 3011 0006
   7 02 0000 3011 1777
0160 01 1777 3011 1777
   1 02 3011 3011 1776
   2 01 1776 3011 1776
   3 01 0014 1776 0566
   4 34 0566 0000 0000
   5 01 0000 0000 4000
   6 04 1776 0007 0162
   7 01 0012 0000 0004
0170 01 0013 0000 0002
   1 30 3026 0172 0100
   2 34 0013 0000 0000
   3 01 3002 0000 4000
   4 01 0013 3011 0004
   5 01 0013 0000 0002
   6 30 3026 0177 0020
   7 01 0003 0000 0016
0200 02 3011 3011 1776
   1 01 1776 3011 1776
   2 01 3001 1776 0566
   3 01 0013 1776 0565
   4 34 0565 0000 0000
   5 11 0015 4000 0564
   6 12 0564 0016 0564
   7 34 0566 0000 0000
0210 02 4000 0564 4000
   1 04 1776 0007 0201
   2 01 0012 0000 0004
   3 01 3001 0000 0002
   4 30 3026 0215 0032
   5 34 0013 0000 0000
   6 01 3002 0000 4000
   7 01 0013 3011 0004
0220 01 0013 0000 0002
   1 30 3026 0222 0020
   2 01 0003 0000 0017
   3 02 3011 3011 1776
   4 01 1776 3011 1776
   5 01 0014 1776 0566
   6 01 0012 1776 0565
   7 34 0565 0000 0000
0230 11 0015 4000 0564
   1 12 0564 0016 0564
   2 34 0566 0000 0000
   З 01 4000 0564 4000
   4 01	0012 1776 0566
   5 34	0566 0000 0000
   6 11	0017 4000 0565
   7 12 0565 0015 0565
0240 01 0013 1776 0564 
   1 34	0564 0000 0000 
   2 01	4000 0565 0564 
   З 34	0566 0000 0000 
   4 01	0564 0000 4000 
   5 04	1776 0007 0224 
   6 01	0017 0000 0015 
   7 04 1777 0006 0160 
0250 02 3011 3011 0003 
   1 01 0003 3011 0003 
   2 01	3001 0003 0566
   З 34 0566 0000 0000
   4 06 4000 3005 0566
   5 31 0566 0156 0256
   6 04 0003 0007 0251
   7 01 0014 0000 0004
0260 01 3001 0000 0002 
   1 30 3026 0262 0100 
   2 02	3011 3011 1776 
   З 01 1776 3011 1776 
   4 01 3001 1776 0566 
   5 01	0011 1776 0565 
   6 34 0565 0000 0565 
   7 34 0566 0000 0000 
0270 02 0565 4000 4000
   1 04 1776 0007 0263
   2 02	3011 3011 1776 
   З 01 1776 3011 1776 
   4 01 3001 1776 0566
   5 34 0566 0000 0000
   6 06 4000 3005 0566
   7 31 0566 0145 0300
0300 04 1776 0007 0273
   1 02 3011 3011 1776 
   2 01	1776 3011 1776 
   З 01 0014 1776 0566
   4 34	0566 0000 0002
   5 30 3026 0312 3100
   6 22 0003 0003 0313
   7 04 1776 0007 0302
0310 33 0000 0000 0000 
