3426 22 0000 0000 0000
   7 16 0000 0000 0000
3430 34 0011 0000 0015
   1 13 3624 0011 0017
   2 13 3604 0011 0016
   3 34 0016 0000 0020
   4 15 0020 3605 0021
   5 15 0020 3606 0022
   6 15 0015 3605 0023
   7 15 0015 3606 0024
3440 01 0022 0024 0022
   1 02 0022 3611 0022
   2 05 0022 3610 3445
   3 33 0000 0000 0000
   4 31 0000 3443 0000
   5 04 3012 0022 3451
   6 34 0017 0000 0000
   7 14 0000 0000 4000
3450 31 0000 3304 0000
   1 11 0021 0023 0021
   2 05 0021 0000 3456
   3 35 0021 0016 0021
   4 01 0016 0022 0022
   5 04 0000 0022 3376
   6 34 0017 0000 0000
   7 14 0000 0000 4000
3460 31 0000 3304 0000
   1 34 0011 0000 0015
   2 16 0015 0000 3363
   3 13 3624 0011 0017
   4 13 3604 0011 0016
   5 34 0016 0000 0020
   6 16 0020 0000 3477
   7 15 0020 3607 0021
3470 15 0020 3607 0022
   1 15 0015 3605 0023
   2 15 0015 3606'0024
   3 02 0022 0024 0022
   4 10 0022 3611 0022
   5 05 3610 0022 3363
   6 04 0000 0022 3502
   7 34 0017 0000 0000
3500 14 0000 0000 4000
   1 31 0000 3304 0000
   2 11 0021 3042 0021
   3 01 0022 3012 0022
   4 12 0021 0023 0021
   5 31 0000 3370 0000