3630 35 0000 0006 0000 
   1 14 0000 0000 0017 
   2 15 0011 3023 0005 
   З 15 0011 3023 0005 
   4 11 0004 3040 0003 
   5 02 0005 0003 0007 
   6 11 0003 3040 0005 
   7 14 0004 0005 0005 
3640 14 3630 0005 0004 
   1 14 3050 3026 0005 
   2 30 3026 3643 0004 
   З 34 0003 0000 0000 
   4 16 0000 4000 3650 
   5 15 4000 3605 4000 
   6 01 0006 3611 0006 
   7 14 0006 4000 4000 
3650 05 0007 0017 3655
   1 01 3011 0017 0017 
   2 03 3016 0004 0004 
   З 01 3011 0003 0003 
   4 31 0000 3642 0000 
   5 14 3011 0000 0017 
   6 34 0011 0000 0000
   7 16 4000 0000 3304 
3660 15 3605 4000 0004
   1 15 3606 4000 0005 
   2 11 0011 3040 0006 
   З 34 0006 0000 0000 
   4 15 3605 4000 0022 
   5 15 3606 4000 0010 
   6 16 4000 0000 3702 
   7 12 0022 0000 4000 
3670 31 0000 3674 0000
   1 11 0022 3042 0022 
   2 01 0010 3012 0010 
   З 30 0000 3667 0000 
   4 02 0010 0005 0010 
   5 01 0010 3611 0010 
   6 35 4000 0003 4000 
   7 01 0003 0010 0010 
3700 15 4000 3605 4000
   1 14 4000 0010 4000 
   2 16 0017 0007 3304 
   З 01 3011 0017 0017 
   4 03 3011 0006 0006 
   5 31 0000 3663 0000