3600 11 0000 0000 0000
   1 06 0000 0000 0000
   2 31 0000 0000 0000
   3 25 0000 0000 0000
   4 20 0000 0000 0014
   5 37 7777 7777 7600
   6 00 0000 0000 0177
   7 00 0000 0000 0041
3610 00 0000 0000 0176
   1 00 0000 0000 0100
   2 00 0000 0000 0200
   3 00 0021 0023 0021
3614 14 6314 6314 6320
   5 00 0000 0000 0004
   6 00 0000 0000 0011
   7 00 0000 0000 0012
3620 00 0000 0000 0020
   1 05 0000 0000 3402
   2 05 0000 0000 3362
   3 00 0000 0000 0075
   4 00 0000 0000 0014
   5 00 0000 0000 0101
   6 12 0000 0000 0000