0001 01 0000 0000 1220
   2 26 0706 0000 0000
   3 07 4001 1220 1220
   4 27 4001 0003 0005
   5 22 1220 1220 0006 .
   6 33 0000 ООО0 0000
   7 01 0075 0000 1524
0010 01 0076 0000 1525
   1 01 0077 0000 1526
   2 01 0100 0000 1527
   3 01 0101 0000 1530
   4 01 0102 0000 1247
   5 01 0103 0000 1250
   6 01 0104 0000 1251
   7 01 0105 0000 1252
0020 01 0106 0000 1253
   1 01 3035 0000 0107
   2 01 3035 0000 0110 
   3 01 3035 0000 0111
   4 01 3035 0000 0112
   5 01 3035 0000 0113
   6 01 3035 0000 0114
   7 01 3035 0000 0115
0030 01 3035 0000 0116
   1 01 3035 0000 0117
   2 01 3035 0000 0120
   3 01 3035 0000 0121
   4 01 3035 0000 0122
   5 01 3035 0000 0123
   6 01 3035 0000 0124
   7 04 0000 0002 0052
0040 02 0000 0000 0107
   1 05 0002 0000 0052
   2 02 0000 0000 0110
   3 16 0002 0000 0052
   4 02 0000 0000 0111
   5 31 0000 0046 0052
   6 02 0000 0000 0112
   7 30 0000 0000 0052
0050 02 0000 0000 0113
   1 04 0000 0000 0053
   2 22 0107 0124 0006
   3 02 0000 0000 0114
   4 05 0000 0000 0056
   5 22 0107 0124 0006
   6 02 0000 0000 0115
   7 16 0000 0000 0061
0060 22 0107 0124 0006
   1 02 0000 0000 0116
   2 31 0002 0060 0063
   3 02 0000 0000 0117
   4 30 0002 1527 0066
   5 22 0107 0124 0006
   6 02 0000 0000 0120
   7 32 0000 0000 0000
0070 26 0124 0107 0000
   1 31 4000 0074 0072
   2 27 4001 0071 0073
   3 31 3000 0125 0007
   4 22 0107 0124 0006
   5 33 0000 0000 0000
   6 02 0000 0000 0123
   7 04 0000 0000 1252
0100 02 0000 0000 0121
   1 30 0002 1250 0067
   2 33 0000 0000 0000
   3 02 0000 0000 0122
   4 04 0000 0000 1525
   5 02 0000 0000 0124
   6 04 0000 0000 0070
   7 00 0000 0000 0000
0100 00 0000 0000 0000
   1 00 0000 0000 0000
   2 00 0000 0000 0000
   3 00 0000 0000 0000
   4 00 0000 0000 0000
   5 00 0000 0000 0000
   6 00 0000 0000 0000
   7 00 0000 0000 0000
0120 00 0000 0000 0000
   1 00 0000 0000 0000
   2 00 0000 0000 0000
   3 00 0000 0000 0000
   4 00 0000 0000 0000
   5 01 0207 0000 1525
   6 01 0210 0000 1252
   7 34 0212 0000 0215
0130 16 0215 0207 0132
   1 33 0000 0000 0000
   2 34 0213 0000 0215
   3 16 0215 0210 0135
   4 33 0000 0000 0000
   5 34 0214 0000 0215
   6 16 0215 0211 0140
   7 33 0000 0000 0000
0140 26 1525 1525 0142
   1 33 0000 0000 0000
   2 26 1252 1252 0144
   3 33 0000 0000 0000
   4 01 0000 0000 0216
   5 26 0005 0000 0000
   6 01 4207 0216 0216
   7 27 4001 0146 0150
0150 16 0216 0217 0152
   1 33 0000 0000 0000
   2 26 1777 0525 0000 ,
   3 27 5252 0154 0155 .
   4 33 0000 0000 0000
   5 26 1525 0252 0000
   6 27 5253 0157 0160
   7 33 0000 0000 4)000
0160 26 1000 0777 0000
   1 27 4001 0162 0163
   2 33 0000 0000 0000
   3 26 1775 1253 0000
   4 01 3042 0000 4000
   5 01 3042 0000 4001
   6 10 4000 4001 4002
   7 16 4002 3043 0171
0170 33 0000 0000 0000
   1 01 0000 0000 4000
   2 01 0000 0000 4001 .
   3 27 4002 0164 0174
   4 31 3000 0240 0125
   5 00 0000 0000 0000
   6 00 0000 0000 0000
   7 00 0000 0000 0000
0200 00 0000 0000 0000
   1 00 0000 0000 0000
   2 00 0000 0000 0000
   3 00 0000 0000 0000
   4 00 0000 0000 0000
   5 00 0000 0000 0000
   6 00 0000 0000 0000
   7 00 0000 0000 0001
0210 00 0000 0000 0002
   1 00 0000 0000 0003
   2 00 0000 1525 0000
   3 00 0000 1252 0000
   4 00 0000 0211 0000
   5 00 0000 0000 0000
   6 00 0000 0000 0000
   7 00 0000 2777 0006
0220 01 3043 0000 0200
   1 16 3043 0200 0245
   2 01 3044 0000 0200
   3 16 3044 0200 0251
   4 16 0000 0000 0254
   5 16 0000 0000 0256
   6 16 0000 0000 0260
   7 16 0000 0000 0262
0230 16 0000 0000 0264
   1 16 0000 0000 0266
   2 16 0000 0000 0270
0233 16 0000 0000 0272
   4 16 0000 0000 0274
   5 16 0000 0000 0276
   6 00 0000 0000 0025
   7 32 0000 0000 0000
0240 01 0170 0000 0001
   1 01 0220 0000-0777
   2 01 0221 0000 1000
   3 01 0170 0000 1001
   4 04 0000 0000 0777.
   5 01 0222 0000 1777
   6 01 0223 0000 0001
   7 01 0170 0000 0002
0250 04 0000 0000 1777
   1 01 0170 0000 1777
   2 01 0224 0000 1776
   3 04 0000 0000 1776
   4 01 0225 0000 1775
   5 04 0000 0000 1775
   6 01 0226 0000 1773
   7 04 0000 0000 1773
0260 01 0227 0000 1767
   1 04 0000 0000 1767
   2 01 0230 0000 1757
   3 04 0000 0000 1757
   4 01 0231 0000 1737
   5 04 0000 0000 1737
   6 01 0232 0000 1677
   7 04 ООО? 0000 1677
0270 01 0233 0000 1577
   1 04 0000 0000 1577
   2 01 0234 0000 1377
   3 04 0000 0000 1377
   4 01 0235 0000 0777
   5 04 0000 0000 0777
   6 01 0170 0000 1777
   7 03 0236 0224 1776
0300 30 3026 1776 0237
   1 03 0236 0225 1775
   2 30 3026 1775 0237
   3 03 0236 0226 1773
   4 30 3026 1773 0237
   5 03 0236 0227 1767
   6 30 3026 1767 0237
   7 03 0236 0230 1757
0310 30 3026 1757 0237
   1 03 0236 0231 1737
   2 30 3026 1737 0237
   3 03 0236 0232 1677
   4 30 3026 1677 0237
   5 03 0236 0233 1577
   6 30 3026 1577 0237
   7 03 0236 0234 1377
0320 30 3026 1377 0237
   1 03 0236 0235 0777
   2 30 3026 0777 0237
   3 01 0170 0000 1147
   4 30 3026 0325 3146
   5 01 0170 0000 1043
0326 01 0330 0000 0001
   7 30 3026 3043 0237
0330 04 0000 0000 0331
   1 01 0000 0000 1777
   2 01 3042 0000 1776
   3 26 0000 1776 0000
   4 16 3042 4000 0336
   5 33 0000 0000 0000
   6 16 4000 3042 0340
   7 33 0000 0000 0000
0340 01 3042 0000 1775
   1 26 0000 1775 0000
   2 16 3042 4000 0344
   3 33 0000 0000 0000
   4 16 4000 3042 0346
   5 33 0000 0000 0000
   6 01 3042 0000 1773
   7 26 0000 1773 0000
0350 16 3042 4000 0352
   1 33 0000 0000 0000
   2 16 4000 3042 0354
   3 33 0000 0000 0000
   4 01 3042 0000 1767
   5 26 0000 1767 0000
   6 16 3042 4000 0360
   7 33 0000 0000 0000
0360 16 4000 3042 0362
   1 33 0000 0000 0000
   2 01 3042 0000 1757
   3 26 0000 1757 0000
   4 16 3042 4000 0366
   5 33 0000 0000 0000
   6 16 4000 3042 0370
   7 33 0000 0000 0OOO
0370 01 3042 0000 1737
   1 26 0000 1737 0000
   2 16 3042 4000 0374
   3 33 0000 0000 0000
   4 16 4000 3042 0376
   5 33 0000 0000 0000
   6 01 3042 0000 1677
   7 26 0000 1677 0000
0400 16 3042 4000 0402
   1 33 0000 0000 0000
   2 16 4000 3042 0404
   3 33 0000 0000 0000
   4 01 3042 0000 1577
   5 26 0000 1577 0000
   6 16 ‘3042 4000 0410
   7 33 0000 0000 0000
0410 16 4000 3042 0412
   1 33 0000 0000 0000
   2 01 3042 0000 1377
   3 26 0000 1377 0000
   4 16 3042 4000 0416
   5 33 0000 0000 0000
   6 16 4000 3042 0420
   7 33 0000 0000 0000
0420 01 3042 0000 0777
0421 26 0000 0777 0000 
   2 16 3042 40Q0 0424
   3 33 0000 0000 0000
   4 16 4000 3042 0426
   5 33 0000 0000 0000
   6 01 0000 0000 1777
   7 01 3035 0000 1776
0430 26 1776 1770 0000
   1 27 4001 0431 0432
   2 16 4000 3035 0434
   3 33 0000 0000 0000
   4 01 3035 0000 1775
   5 26 1775 1770 0000
   6 27 4001 0436 0437
   7 16 3035 4000 0441
0440 33 0000 0000 0000
   1 01 3035 0000 1773
   2 26 1773 1770 0000
   3 27 4001 0443 0444
   4 16 3035 4000 0446
   5 33 0000 0000 0000
   6 01 3035 0000 1767
   7 26 1767 1763 0000
0450 27 4001 0455 0451
   1 16 4000 3035 0453
   2 33 0000 0000 0000
   3 01 3035 0000 1757
   4 26 1757 1753 0000
   5 27 4001 0455 0456
   6 16 4000 3035 0460
   7 33 0000 0000 0000.
0460 01 3035 0000 1737
   1 26 1737 1733 0000
   2 27 4001 0462 0463
   3 16 4000 3035 0465
   4 33 0000 0000 0000
   5 01 3035 0000 1677
   6 26 1677 1673 0000
   7 27 4001 0467 0470
0470 16 4000 3035 0472
   1 33 0000 0000 0000
   2 01 3035 0000 1577
   3 26 1577 1573 0000
   4 27 4001 0474 0475
   5 16 4000 3035 0477
   6 33 0000 0000 0000
   7 01 3035 0000 1377
0500 26 1377 1374 0000
   1 27 4001 0501 0502
   2 16 4000 3035 0504
   3 33 0000 0000 0000
   4 01 3035 0000 0777
   5 26 0777 0770 0000
   6 27 4001 0506 0507
   7 16 4000 3035 0511
0510 33 0000 0000 0000
   1 26 0000 0001 0000
   2 16 0002 4001 0514
   3 33 0000 0000 0000
0514 16 0004 4003 0516
   5 33 0000 0000 0000
   6 16 0010 4007 0520
   7 33 0000 0000 0000
0520 16 0020 4017 0522
   1 33 0000 0000 0000
   2 16 0040 4037 0524
   3 33 0000 0000 0000
   4 16 0100 4077 0526
   5 33 0000 0000 0000
   6 16 0200 4177 0530
   7 33 0000 0000 0000
0530 16 0400 4377 0532
   1 33 0000 0000 0000
   2 01 3043 0000 1000
   3 16 3043 4777 0535
   4 33 0000 0000 0000
   5 26 0000 0003 0000
   6 16 4001 0004 0540
   7 33 0000 0000 0000
0540 26 0000 0007 0000
   1 16 4001 0010 0543
   2 33 0000 0000 0000
   3 26 0000 0017 0000
   4 16 4001 0020 0546
   5 33 0000 0000 0000
   6 26 0000 0037 0000
   7 16 4001 0040 0551
0550 33 0000 0000 0000
   1 26 0000 0077 0000
   2 16 4001 0100 0554
   3 33 0000 0000 0000
   4 26 0000 0177 0000
   5 16 4001 0200 0557
   6 33 0000 0000 0000
   7 26 0000 0377 0000
0560 16 4001 0400 0562
   1 33 0000 0000 0000
   2 26 0000 0777 0000
   3 16 4001 1000 0565
   4 33 0000 0000 0000
   5 31 3000 0566 0240
   6 26 0000 0003 0000
   7 16 4003 0006 0571
0570 33 0000 0000 0000
   1 26 0000 0007 0000
   2 16 0016 4007 0574
   3 33 0001 0000 0000
   4 26 0000 0017 0000
   5 16 4017 0036 0577
   6 33 0000 0000 0000
   7 26 0000 0037 0000
0600 16 0076 4037 0602
   1 33 0000 0000 0000
   2 26 0000 0077 0000
   3 16 4077 0176 0605
   4 33 0000 0000 0000
   5 26 0000 0177 0000
   6 16 0376 4177 0610
0607 33 0000 0000 0000
0610 01	3035 0000 0776
   1 26 0000 0377 0000
   2 16 4377 3035 0614
   3 33 0000 0000 0000
   4 01 3035 0000 1776
   5 26 0000 0777 0000
   6 16 3035 4777 0620
   7 33 0000 0000 0000
0620 26 0000 1000 0000
   1 01 0664 0000 1623
   2 04 0000 0000 4623
   3 33 0000 0000 0000
   4 01 0665 0000 1626
   5 05 0000 0000 4626
   6 33 0000 0000 0000
   7 01 0666 0000 1631
0630 16 0000 0000 4631
   1 33 0000 0000 0000
   2 01 0667 0000 1634
   3 31 3036 0634 4634
   4 33 0000 0000 0000
   5 01 0670 0000 1637
   6 31 3035 4637 0637
   7 33 0000 0000 0000
0640 01 3146 0000 1642
   1 30 3026 0643 4642
   2 33 0000 0000 0000
   3 35 0671 1777 4000
   4 16 1777 0672 0646
   5 33 0000 0000 0000
   6 16 1000 0673 0650
   7 33 0000 0000 0000
0650 35 0674 4000 1777
   1 16 1000 0675 0653
   2 33 0000 0000 0000
   3 16 1777 0676 0655
   4 33 0000 0000 0000
   5 01 0677 0000 1000
   6 35 4000 1776 1777
   7 16 1776 3026 0661
0660 33 0000 0000 0000
   1 16 1777 0677 0663
   2 33 0000 0000 0000
   3 04 0000 0000 0700
   4 04 0000 0000 0624
   5 04 0000 0000 0627
   6 04 0000 0000 0632
   7 04 0000 0000 0635
0670 04 0000 0000 0640
   1 05 2525 2525 2525
   2 20 0000 0000 0001
   3 12 5252 5252 5252
   4 21 2525 2525 2525
   5 20 0000 0000 0003
   6 32 5252 5252 5250
   7 12 5252 5252 5252
0700 26 0000 0140 0000
   1 30 3026 0702 7006
0702 26 0000 0137 0000
   3 30 3026 0706 0704
   4 31 0670 7007 0705
   5 33 0000 0000 0000
   6 31 3000 0007 0566