0001 25 5564 3455 4124
   2 12 5252 5252 5252
   3 25 2525 2525 2525
   4 05 2525 2525 2525
   5 32 5252 5252 5252
   6 07 5736 7573 6745
   7 17 3675 7367 5712
0010 00 0100 0400 2001
   1 30 0040 0200 1000
   2 20 2001 0004 0020
0013 00 4002 0010 0040
   4 00 2001 0004 0020
   5 00 0000 0000 0001
   6 00 0000 0000 0040
   7 27 7737 7577 6777
0020 16 7573 6757 3624
   1 20 0000 0000 0001
   2 30 0000 0000 0000
   3 30 0000 0000 0001
   4 17 7777 7777 7775
   5 23 4343 4343 4343
   6 01 0000 0000 0000
   7 03 0000 0000 0000
0030 20 0020 0000 0000
   1 00 0160 0000 0000
   2 22 2222 2222 2200
   3 27 7777 7777 7777
   4 01 OBOO 0000 0367
   5 26 0346 0000 0000
   6 07 4002 0367 0367
   7 27 4001 0036 0040
0040 16 0367 0001 0351
   1 22 0367 0367 0256
   2 01 3066 0000 0353
   3 14 0000 3036 0347
   4 16 0347 3036 0046
   5 33 0000 0000 0000
   6 14 0002 0000 0347
   7 16 0347 0002 0051
0050 33 0000 0000 0000
   1 14 0003 0000 0347
   2 16 0347 0003 0054
   3 33 0000 0000 0000
   4 14 3036 3036 0347
   5 16 0347 3036 0057
   6 33 0000 0000 0000
   7 15 3036 0000 0347
0060 16 0347 0000 0062
   1 33 0000 0000 0000
   2 15 0000 0000 0347
   3 16 0347 0000 0065
   4 33 0000 0000 0000
   5 15 0000 0003 0347
   6 16 0347 OOOQ 0070
   7 33 0000 0000 0000
0070 15 3036 3036 0347
   1 16 0347 3036 0073
   2 33 0000 0000 0000
   3 17 0002 0003 0347
   4 16 0347 0000 0076
   5 33 0000 0000 0000
   6 17 0003 0002 0347
   7 16 0347 0000 0101
0100 33 0000 0000 0000
   1 17 0002 0002 0347
   2 16 0347 3036 0107
   3 33 0000 0000 0000
   4 17 0003 0003 0347
   5 16 0347 3036 0107
   6 33 0000 0000 0000
   7 31 3000 0043 0110
011 01 0004 0004 0347
   1 16 0347 0002 0113
   2 33 0000 0000 0000
   3 01 0003 0002 0347
   4 16 0347 0004 0116
   5 33 0000 0000 0000
   6 01 0006 0006 0347
   7 16 0347 0007 0121
0120 33 0000 0000 0000
   1 01 0004 0005 0347
   2 16 0347 0003 0124
   3 33 0000 0000 0000
   4 01 0002 0003 0347
   5 16 0347 0004 0127
   6 33 0000 0000 0000
   7 01 0010 0011 0347
0130 16 0347 0017 0132
   1 33 0000 0000 0000
   2 01 0012 0013 0347
   3 16 0347 0014 0135
   4 33 0000 0000 0000
   5 01 3026 0015 0347
   6 16 0347 0015 0140
   7 33 0000 0000 0000
0140 01 3026 0016 0347
   1 16 0347 0016 0143
   2 33 0000 0000 0000
   3 01 3026 0010 0347
   4 16 0347 0010 0146
   5 33 0000 0000 0000
   6 01 3026 0013 0347
   7 16 0347 0013 0151
0150 33 0000 0000 0000
   1 07 0007 0007 0347
   2 16 0347 0020 0154
   3 33 0000 0000 0000
   4 31 3000 0110 0155
   5 02 0002 0002 0347
   6 16 0347 3026 0160
   7 33 0000 0000 0000
0160 06 0003 0003 0347
   1 16 0347 3026 0163
   2 33 0000 0000 0000
   3 03 0002 0003 0347
   4 16 0347 3036 0166
   5 33 0000 0000 0000
   6 13 0000 0261 0347
   7 16 0347 0261 0171
0170 33 0000 0000 0000
   1 11 0021 0022 0347
   2 16 0347 0015 0174
   3 33 0000 0000 0000
   4 11 0023 3035 0347
   5 16 0347 0022 0177
   6 33 0000 0000 0000
   7 11 3035 3035 0347
0200 16 0347 0024 0202
   1 33 0000 0000 0000
   2 11 0004 0005 0347
   3 16 0347 0025 0205
   4 33 0000 0000 0000
   5 12 0026 0027 0347
   6 16 0347 0004 0210
   7 33 0000 0000 0000
0210 12 0030 0031 0347
   1 16 0347 0032 0213
   2 33 0000 0000 0000
   3 05 0000 0000 0263
   4 01 0353 0000 0354
   5 10 0354 3042 0353
   6 31 0353 0221 0217
   7 02 0000 0353 0353
0220 01 0353 3042 0353
   1 15 0354 0260 0352
   2 12 0352 3044 0352
   3 15 0354 3044 0351
   4 05 0000 0351 0226
   5 02 0000 0352 0352
   6 17 0352 0353 0353
   7 11 0353 0354 0355
0230 11 0354 0353 0356
   1 16 0355 0356 0234
   2 22 0353 0356 0233
   3 33 0000 0000 0000
   4 06 0353 0000 0355
   5 05 0354 0355 0240
   6 06 0354 0000 0355
   7 01 0353 0000 0354
0240 01 0354 0000 0356
   1 02 3035 0355 0357
   2 11 0356 0357 0352
   3 01 0356 0352 0356
   4 11 0357 0357 0357
   5 05 0357 0000 0247
   6 05 0000 0000 0242
   7 12 0354 0355 0357
0250 02 0357 0356 0352
   1 05 0352 3002 0254
   2 22 0354 0357 0253
   3 33 0000 0000 0012
   4 31 3000 0214 0043
   5 31 3001 0214 0043
   6 33 0000 0000 0000
   7 05 0000 0000 0042
0260 01 7777 7777 7777
   1 02 5252 5252 5252
   2 05 2525 2525 2524
   3 35 0002 0350 0347
   4 16 0347 0002 0266
   5 33 0000 0000 0000
   6 16 0350 3026 0270
   7 33 0000 0000 0000
0270 35 0000 0350 0347
   1 16 0347 0000 0273
   2 33 0000 0000 0000
   3 16 0350 3026 0275
   4 33 0000 0000 0000
   5 35 3026 0350 0347
   6 16 0347 3026 0300
   7 33 0000 0000 0000
0300 16 0350 3026 0302
   1 33 0000 0000 0000
   2 35 3177 0350 0347
   3 16 0347 0335 0305
   4 33 0000 0000 0000
   5 16 0350 0336 0307
   6 33 0000 0000 0000
   7 13 0337 0000 0347
0310 16 0347 0000 0312 
   1 33 0000 0000 0000
   2 13 0337 3026 0347
   3 16 0347 0000 0315
   4 33 0000 0000 0000
   5 13 0340 3026 0347
   6 16 0347 0343 0320
   7 33 0000 0000 0000
0320 13 0341 3177 0347
   1 16 0347 3026 0323
   2 33 0000 0000 0000
   3 13 0342 3177 0347
   4 16 0347 3012 0326
   5 33 0000 0000 0000
   6 13 0344 0003 0347
   7 16 0347 3026 0331
0330 33 0000 0000 0000
   1 13 0345 0003 0347 
   2 16 0347 0000 0334
   3 33 0000 0000 0000
   4 05 0000 0000 0360
   5 30 0000 0000 0000
   6 20 0000 0000 0047
   7 00 0000 0000 0014
0340 20 0000 0000 0014
   1 00 0000 0000 0050
   2 20 0000 0000 0050
   3 00 0020 0000 0000
   4 20 0000 0000 0100
   5 20 0000 0000 0101