0020 01 3001 0000 0004
   1 01 0000 0000 0003
   2 02 3000 3001 0001
   3 02 3000 3001 0077
   4 02 0077 0003 0002
   5 02 3001 0004 0005
   6 01 0000 0000 0006
   7 01 0000 0000 0007
0030 01 0000 0000 0010
   1 16 0007 0005 0043
   2 02 0002 0006 0002
   3 02 0011 0007 0077
   4 34 0077 0000 0077
   5 34 0002 0000 0000
   6 11 0077 4000 0077
   7 01 0077 0010 0010
0040 01 0007 3011 0007
   1 02 3001 0007 0006
   2 31 0000 0031 0031
   3 02 3000 0003 0077
   4 34 0077 0000 0000
   5 01 0010 4000 0005
   6 02 0000 0005 0005
   7 34 0001 0000 0000
0050 12 0005 4000 0077
   1 02 0011 0003 0076
   2 34 0076 0000 0000
   3 01 0077 0000 4000
   4 02 0001 0004 0001
   5 01 0003 3011 0003
   6 02 0004 3011 0004
   7 02 0000 0004 0077
0060 02 0004 0000 0076
   1 15 0076 0077 0077
   2 31 0077 0023 0063
   3 02 3001 3011 0005
   4 02 0011 0005 0002
   5 30 3026 0066 3100
   6 22 0003 0003 0067
   7 02 0005 3011 0005
0070 31 0005 0064 0071
   1 33 0000 0000 0000