0020 02 3001 3011 0002
   1 01 0000 0000 0003
   2 01 3011 0000 0004
   3 01 0003 0004 0003
   4 01 0003 0000 0005
   5 01 0004 0000 0006
   6 01 3011 0000 0007
   7 01 3000 0000 0001
0030 01 3011 0000 0010
   1 01 0001 0010 0001
   2 01 3000 0005 0077
   3 01 0077 0004 0076
   4 01 0076 3011 0076
   5 01 3000 0003 0075
   6 01 0075 0010 0075
   7 34 0075 0000 0075
0040 34 0001 0000 0000
   1 12 0075 4000 0075
   2 01 0077 0010 0077
   3 34 0077 0000 0000
   4 11 0075 4000 0075
   5 34 0076 0000 0000
   6 02 4000 0075 4000
   7 01 0010 3011 0010
0050 04 0010 0004 0031
   1 01 0006 3011 0006
   2 01 0005 0006 0005
   3 01 0007 3011 0007
   4 01 3001 3011 0077 
   5 02 0077 0004 0077
   6 04 0007 0077 0027
   7 01 0007 3011 0007 
0060 04 0004 0002 0023.
   1 33 0000 0000 0000